1000000000000010010000100000011110000001010110
0010001110101010000111010101010101100100110100
0001000100000011110000000101100010001111010101
0010001110101010000111010101010101100100110100
0010000100000000010000100000011010110110110101
0010010101101110000101100010010010001010100100
1110000000001101110000000101100000101110001000
1010110101101010000101100010000101010010011000
0010001110101010000111010101010101100100110100
0010000100000000010000100000011010110110110101
0001000100000011110000000101100010001111010101
0010001110101010000111010101010101100100110100
0001000100000011110000000101100010001111010101
0010001110101010000111010101010101100100110100
0010000100000000010000100000011010110110110101
0010010101101110000101100010010010001010100100
1110000000001101110000000101100000101110001000
0010001110101010000111010101010101100100110100
0001000100000011110000000101100010001111010101
0010001110101010000111010101010101100100110100
0010000100000000010000100000011010110110110101
0010010101101110000101100010010010001010100100
1110000000001101110000000101100000101110001000
0010000100000000010000100000011010110110110101
0010010101101110000101100010010010001010100100
1110000000001101110000000101100000101110001000
100000000010F000010001110101011010110101110101
10101000001010000100001000000111P0010000010110
1010100000000011110000000101100010100111010101
0010010101101110000101100010010010001010100100
0010010101101110000101100010010010001010100100
1110000000001101110000000101100000101110001000
0001000100000011110000000101100010001111010101
0010001110101010000111010101010101100100110100
0010000100000000010000100000011010110110110101
0010010101101110000101100010010010001010100100
1110000000001101110000000101100000101110001000
0001000100000011110000000101100010001111010101
0010001110101010000111010101010101100100110100
0010000100000000010000100000011010110110110101
0010010101101110000101100010010010001010100100
1110000000001101110000000101100000101110001000
0001000100000011110000000101100010001111010101
0010001110101010000111010101010101100100110100
0010000100000000010000100000011010110110110101
0010010101101110000101100010010010001010100100
1110000000001101110000000101100000101110001000
